190302007   12   38   
190345678   87   78   
190505478   18   99   
190602008   21   88   
190604597   25   67   
190802007   10   55   
190876543   34   43   
191202079   14   66   
191202079   26   54   
191234567   12   21   
191259638   39   93   
191259638   27   60   
191902120   28   87   
194346781   33   28   
196388612   54   34   
198765914   90   90   
200201978   22   64   
200202013   23   13   
200202014   14   41   
200202015   34   43   
200202015   36   67   
200202015   37   73   
200202015   34   31   
200202016   16   61   
200202019   91   19   
200202019   91   21   
200202024   42   24   
200202048   84   48   
200202051   15   97   
200202062   26   62   
200202067   98   81   
200202067   18   64   
200202068   65   57   
200202074   11   38   
200202075   57   75   
200202084   14   73   
200702108   33   68   
201001960   35   92   
201602088   27   88   
201602088   16   79   
202207468   12   89   
202601928   17   98   
210202007   14   44   
210354659   46   61   
210356188   17   30   
210621298   35   53   
210801944   36   87   
210801944   12   66   
210906514   42   83   
212087468   41   92   
212201977   36   85   
